Exited,0,0,0,0,0,0,0,0,0,0,0,1,1,1,1,1,1,1,1,1,1,1,All
Tenure,0,1,2,3,4,5,6,7,8,9,10,0,1,2,3,4,5,6,7,8,9,10,
Geography,,,,,,,,,,,,,,,,,,,,,,,
France,170,446,435,408,427,409,426,476,396,416,195,35,83,90,83,85,76,77,76,69,88,48,5014
Germany,69,159,211,177,156,169,151,164,177,176,86,36,105,64,84,76,90,76,61,87,93,42,2509
Spain,79,198,201,211,203,225,194,211,255,179,108,24,44,47,46,42,43,43,40,41,32,11,2477
All,318,803,847,796,786,803,771,851,828,771,389,95,232,201,213,203,209,196,177,197,213,101,10000
